1 10
100 200
201 210
900 1000
1239 99410
31 12498
92930 1238
1 1
999999 999999
89302 19830
912 913
10283 12803
182 12390
1 999999
12379 12389
29 39100
1283 239919
73 21982
19823 12840
999999 1
12083 19283
102938 91238
534 1
182348 128398
999128 9983
385 569023
38129 102398
1239 1238
483034 34590
843576 23984
4592 48198
3405 340500
5678 123
98345 712390
893 384001
38928 58430
567904 684586
409045 489568
94850 358998
394859 3
968 349858
78059 489
478098 983092
869 498092
87309 48958
83567 2
59690 548
38485 12030
9584 20994
59486 20394
100 900
12938 9023
98 6556
12390 209902
380129 930912
485 2390
58021 102933
23842 590183
4502 401092
43095 8009 
298 102934
93258 21839
983 201909
82 390124
12398 2 
9380 48913
293 38490 
11 298390
9 999999
50 50
38992 392840
9283 1
381294 39
7 85889
86867 5
38 120893
109283 291328
12838 291839
8237 29183
5348 60
4369 15
58602 894
12938 5934
273052 12893
495838 38912
3458 9289
58 100
435 3986
923 21893
23489 12
435986 213984
473 219895
8 999988
291803 989940
6905 93309
4 923492
689 34059
230 94960
20 12309
9582 20903
39485 568 
201903 50
498368 409
109 999238
547 10932
2390 83219
